Selection	View	Channel	Begin Time (s)	End Time (s)	Low Freq (Hz)	High Freq (Hz)
2	Waveform 1	1	140.801344181	140.971488120	22164.900	65290.179
2	Spectrogram 1	1	140.801344181	140.971488120	22164.900	65290.179
3	Waveform 1	1	435.840350804	436.135888509	28608.200	57216.500
3	Spectrogram 1	1	435.840350804	436.135888509	28608.200	57216.500
4	Waveform 1	1	610.308703389	610.600352440	26288.700	61340.200
4	Spectrogram 1	1	610.308703389	610.600352440	26288.700	61340.200
5	Waveform 1	1	614.516226877	614.749546117	20103.100	65979.400
5	Spectrogram 1	1	614.516226877	614.749546117	20103.100	65979.400
6	Waveform 1	1	618.361133377	618.560426895	17010.300	59536.100
6	Spectrogram 1	1	618.361133377	618.560426895	17010.300	59536.100
7	Waveform 1	1	619.073729225	619.396487508	19587.600	65463.900
7	Spectrogram 1	1	619.073729225	619.396487508	19587.600	65463.900
8	Waveform 1	1	644.388865766	644.536634618	14690.700	48711.300
8	Spectrogram 1	1	644.388865766	644.536634618	14690.700	48711.300
9	Waveform 1	1	646.072652953	646.208755843	20360.800	51030.900
9	Spectrogram 1	1	646.072652953	646.208755843	20360.800	51030.900
10	Waveform 1	1	647.402572471	647.589227864	14433.000	67268.000
10	Spectrogram 1	1	647.402572471	647.589227864	14433.000	67268.000
11	Waveform 1	1	651.015132048	651.318447061	14175.300	56958.800
11	Spectrogram 1	1	651.015132048	651.318447061	14175.300	56958.800
12	Waveform 1	1	654.647134742	654.857122058	20103.100	53350.500
12	Spectrogram 1	1	654.647134742	654.857122058	20103.100	53350.500
13	Waveform 1	1	678.787897925	679.098990246	23969.100	57732.000
13	Spectrogram 1	1	678.787897925	679.098990246	23969.100	57732.000
14	Waveform 1	1	685.966352923	686.219115434	23195.900	56958.800
14	Spectrogram 1	1	685.966352923	686.219115434	23195.900	56958.800
15	Waveform 1	1	687.739578999	687.992341510	23453.600	57474.200
15	Spectrogram 1	1	687.739578999	687.992341510	23453.600	57474.200
16	Waveform 1	1	690.352043364	690.519966617	15345.982	92633.929
16	Spectrogram 1	1	690.352043364	690.519966617	15345.982	92633.929
17	Waveform 1	1	694.816929147	695.069691658	21907.200	59793.800
17	Spectrogram 1	1	694.816929147	695.069691658	21907.200	59793.800
18	Waveform 1	1	706.444004181	706.630659574	21134.000	60824.700
18	Spectrogram 1	1	706.444004181	706.630659574	21134.000	60824.700
19	Waveform 1	1	710.853737523	711.087056764	24226.800	54896.900
19	Spectrogram 1	1	710.853737523	711.087056764	24226.800	54896.900
20	Waveform 1	1	718.444390001	718.732150397	19845.400	56958.800
20	Spectrogram 1	1	718.444390001	718.732150397	19845.400	56958.800
21	Waveform 1	1	721.446430744	721.590310942	23195.900	56958.800
21	Spectrogram 1	1	721.446430744	721.590310942	23195.900	56958.800
22	Waveform 1	1	742.281838171	742.538489336	22422.700	56701.000
22	Spectrogram 1	1	742.281838171	742.538489336	22422.700	56701.000
23	Waveform 1	1	747.838724446	748.468686396	22680.400	58247.400
23	Spectrogram 1	1	747.838724446	748.468686396	22680.400	58247.400
24	Waveform 1	1	751.894590427	752.077357166	25000.000	57989.700
24	Spectrogram 1	1	751.894590427	752.077357166	25000.000	57989.700
25	Waveform 1	1	753.080629901	753.294505871	20876.300	55927.800
25	Spectrogram 1	1	753.080629901	753.294505871	20876.300	55927.800
26	Waveform 1	1	783.975984795	784.220969998	25515.500	57989.700
26	Spectrogram 1	1	783.975984795	784.220969998	25515.500	57989.700
27	Waveform 1	1	785.422564087	785.648106020	23195.900	61340.200
27	Spectrogram 1	1	785.422564087	785.648106020	23195.900	61340.200
28	Waveform 1	1	786.546384943	786.775815530	23711.300	56701.000
28	Spectrogram 1	1	786.546384943	786.775815530	23711.300	56701.000
29	Waveform 1	1	802.886508486	803.154825613	23453.600	57989.700
29	Spectrogram 1	1	802.886508486	803.154825613	23453.600	57989.700
30	Waveform 1	1	806.934597159	807.206802940	24484.500	57989.700
30	Spectrogram 1	1	806.934597159	807.206802940	24484.500	57989.700
31	Waveform 1	1	808.890590127	809.209459756	25515.500	53608.200
31	Spectrogram 1	1	808.890590127	809.209459756	25515.500	53608.200
32	Waveform 1	1	813.506422285	813.770850758	23711.300	54896.900
32	Spectrogram 1	1	813.506422285	813.770850758	23711.300	54896.900
33	Waveform 1	1	815.240761821	815.555742796	22938.100	56958.800
33	Spectrogram 1	1	815.240761821	815.555742796	22938.100	56958.800
34	Waveform 1	1	816.990656126	817.223975367	23195.900	56958.800
34	Spectrogram 1	1	816.990656126	817.223975367	23195.900	56958.800
35	Waveform 1	1	826.673403316	827.000050253	19329.900	57989.700
35	Spectrogram 1	1	826.673403316	827.000050253	19329.900	57989.700
36	Waveform 1	1	841.924703736	842.169688939	20876.300	60051.500
36	Spectrogram 1	1	841.924703736	842.169688939	20876.300	60051.500
37	Waveform 1	1	898.442395639	898.632939686	19845.400	64690.700
37	Spectrogram 1	1	898.442395639	898.632939686	19845.400	64690.700
38	Waveform 1	1	901.055571135	901.238337874	22680.400	59278.400
38	Spectrogram 1	1	901.055571135	901.238337874	22680.400	59278.400
39	Waveform 1	1	932.055919688	932.363123355	24742.300	52835.100
39	Spectrogram 1	1	932.055919688	932.363123355	24742.300	52835.100
40	Waveform 1	1	933.490832865	933.747484029	23711.300	52577.300
40	Spectrogram 1	1	933.490832865	933.747484029	23711.300	52577.300
41	Waveform 1	1	934.847973115	935.229061208	22422.700	57216.500
41	Spectrogram 1	1	934.847973115	935.229061208	22422.700	57216.500
42	Waveform 1	1	937.861679820	938.149440217	22938.100	55670.100
42	Spectrogram 1	1	937.861679820	938.149440217	22938.100	55670.100
43	Waveform 1	1	951.868611110	952.109707658	25000.000	57989.700
43	Spectrogram 1	1	951.868611110	952.109707658	25000.000	57989.700
44	Waveform 1	1	1014.584820553	1014.748144022	30412.400	52061.900
44	Spectrogram 1	1	1014.584820553	1014.748144022	30412.400	52061.900
45	Waveform 1	1	1579.454563958	1579.613998772	28866.000	51804.100
45	Spectrogram 1	1	1579.454563958	1579.613998772	28866.000	51804.100
46	Waveform 1	1	1590.366126807	1590.537227584	29896.900	50773.200
46	Spectrogram 1	1	1590.366126807	1590.537227584	29896.900	50773.200
47	Waveform 1	1	781.477537605	781.635028093	18796.992	57330.827
47	Spectrogram 1	1	781.477537605	781.635028093	18796.992	57330.827
48	Waveform 1	1	1530.049136210	1530.138575252	15742.481	27020.677
48	Spectrogram 1	1	1530.049136210	1530.138575252	15742.481	27020.677
