Selection	View	Channel	Begin Time (s)	End Time (s)	Low Freq (Hz)	High Freq (Hz)
1	Waveform 1	1	249.282121855	249.433779362	18591.0	68754.6
1	Spectrogram 1	1	249.282121855	249.433779362	18591.0	68754.6
2	Waveform 1	1	255.929774683	256.114485748	13943.2	65869.8
2	Spectrogram 1	1	255.929774683	256.114485748	13943.2	65869.8
3	Waveform 1	1	463.119162501	463.261098372	14584.3	62183.6
3	Spectrogram 1	1	463.119162501	463.261098372	14584.3	62183.6
4	Waveform 1	1	495.531088862	495.717744254	16187.0	64106.8
4	Spectrogram 1	1	495.531088862	495.717744254	16187.0	64106.8
5	Waveform 1	1	600.009482024	600.165028184	16183.3	69918.2
5	Spectrogram 1	1	600.009482024	600.165028184	16183.3	69918.2
6	Waveform 1	1	600.633610992	600.804711768	16340.4	57977.1
6	Spectrogram 1	1	600.633610992	600.804711768	16340.4	57977.1
7	Waveform 1	1	681.525377703	681.723699057	21839.6	62690.7
7	Spectrogram 1	1	681.525377703	681.723699057	21839.6	62690.7
8	Waveform 1	1	682.318663120	682.493652551	19011.5	61276.6
8	Spectrogram 1	1	682.318663120	682.493652551	19011.5	61276.6
9	Waveform 1	1	688.427737367	688.606615452	21054.0	64261.9
9	Spectrogram 1	1	688.427737367	688.606615452	21054.0	64261.9
10	Waveform 1	1	707.734900983	707.855449257	22782.3	65990.2
10	Spectrogram 1	1	707.734900983	707.855449257	22782.3	65990.2
11	Waveform 1	1	715.733861078	715.833021755	18383.0	83116.2
11	Spectrogram 1	1	715.733861078	715.833021755	18383.0	83116.2
12	Waveform 1	1	722.080143520	722.171526889	19954.2	66461.5
12	Spectrogram 1	1	722.080143520	722.171526889	19954.2	66461.5
13	Waveform 1	1	723.392563948	723.602551264	16497.5	68032.7
13	Spectrogram 1	1	723.392563948	723.602551264	16497.5	68032.7
14	Waveform 1	1	739.722964057	739.827957715	19954.2	65361.7
14	Spectrogram 1	1	739.722964057	739.827957715	19954.2	65361.7
15	Waveform 1	1	769.352557937	769.434219671	22782.3	63947.6
15	Spectrogram 1	1	769.352557937	769.434219671	22782.3	63947.6
16	Waveform 1	1	774.814170755	774.907498451	21682.5	65204.6
16	Spectrogram 1	1	774.814170755	774.907498451	21682.5	65204.6
17	Waveform 1	1	863.125488114	863.300477544	17754.5	78088.4
17	Spectrogram 1	1	863.125488114	863.300477544	17754.5	78088.4
18	Waveform 1	1	872.273544632	872.448534062	20896.9	64890.3
18	Spectrogram 1	1	872.273544632	872.448534062	20896.9	64890.3
19	Waveform 1	1	885.710786458	885.887720216	16183.3	65204.6
19	Spectrogram 1	1	885.710786458	885.887720216	16183.3	65204.6
20	Waveform 1	1	917.204990473	917.259431629	24667.8	55306.1
20	Spectrogram 1	1	917.204990473	917.259431629	24667.8	55306.1
21	Waveform 1	1	918.933496880	919.013214287	23096.6	62847.8
21	Spectrogram 1	1	918.933496880	919.013214287	23096.6	62847.8
22	Waveform 1	1	985.925273611	986.156648524	21996.7	58134.2
22	Spectrogram 1	1	985.925273611	986.156648524	21996.7	58134.2
23	Waveform 1	1	985.330309848	985.480023027	23882.2	59862.5
23	Spectrogram 1	1	985.330309848	985.480023027	23882.2	59862.5
24	Waveform 1	1	985.795004002	985.872777082	23725.0	60176.8
24	Spectrogram 1	1	985.795004002	985.872777082	23725.0	60176.8
25	Waveform 1	1	1031.068651396	1031.158090438	27181.7	58919.8
25	Spectrogram 1	1	1031.068651396	1031.158090438	27181.7	58919.8
26	Waveform 1	1	1089.575385443	1089.758152182	20425.5	64576.1
26	Spectrogram 1	1	1089.575385443	1089.758152182	20425.5	64576.1
27	Waveform 1	1	1090.090632099	1090.288953454	18540.1	60333.9
27	Spectrogram 1	1	1090.090632099	1090.288953454	18540.1	60333.9
28	Waveform 1	1	1100.761096061	1100.932196838	23410.8	63319.1
28	Spectrogram 1	1	1100.761096061	1100.932196838	23410.8	63319.1
29	Waveform 1	1	1101.445499167	1101.620488597	19954.2	73217.7
29	Spectrogram 1	1	1101.445499167	1101.620488597	19954.2	73217.7
30	Waveform 1	1	1111.241017114	1111.507389914	20896.9	60648.1
30	Spectrogram 1	1	1111.241017114	1111.507389914	20896.9	60648.1
31	Waveform 1	1	1120.542676303	1120.744886311	20582.7	61119.5
31	Spectrogram 1	1	1120.542676303	1120.744886311	20582.7	61119.5
32	Waveform 1	1	1132.541116446	1132.735549146	18383.0	61276.6
32	Spectrogram 1	1	1132.541116446	1132.735549146	18383.0	61276.6
33	Waveform 1	1	1138.344931654	1138.597694164	23253.7	63476.3
33	Spectrogram 1	1	1138.344931654	1138.597694164	23253.7	63476.3
34	Waveform 1	1	1217.949553050	1218.208148542	17754.5	66147.3
34	Spectrogram 1	1	1217.949553050	1218.208148542	17754.5	66147.3
35	Waveform 1	1	1219.584732061	1219.788886396	18383.0	68189.9
35	Spectrogram 1	1	1219.584732061	1219.788886396	18383.0	68189.9
36	Waveform 1	1	1225.775467205	1226.024341062	19639.9	64261.9
36	Spectrogram 1	1	1225.775467205	1226.024341062	19639.9	64261.9
37	Waveform 1	1	1226.582362912	1226.722354456	20425.5	62533.6
37	Spectrogram 1	1	1226.582362912	1226.722354456	20425.5	62533.6
38	Waveform 1	1	1298.460231131	1298.602167002	17597.4	64733.2
38	Spectrogram 1	1	1298.460231131	1298.602167002	17597.4	64733.2
39	Waveform 1	1	1364.629557003	1364.835655665	20425.5	67247.1
39	Spectrogram 1	1	1364.629557003	1364.835655665	20425.5	67247.1
40	Waveform 1	1	1402.736415959	1402.944458948	22625.2	60648.1
40	Spectrogram 1	1	1402.736415959	1402.944458948	22625.2	60648.1
41	Waveform 1	1	1446.423491980	1446.547928908	24196.4	69761.0
41	Spectrogram 1	1	1446.423491980	1446.547928908	24196.4	69761.0
44	Waveform 1	1	1582.920085126	1583.071742632	18540.1	65361.7
44	Spectrogram 1	1	1582.920085126	1583.071742632	18540.1	65361.7
45	Waveform 1	1	1591.360406615	1591.521785756	21211.1	57662.8
45	Spectrogram 1	1	1591.360406615	1591.521785756	21211.1	57662.8
46	Waveform 1	1	1602.577227302	1602.736662116	19954.2	66775.8
46	Spectrogram 1	1	1602.577227302	1602.736662116	19954.2	66775.8
47	Waveform 1	1	1605.489828854	1605.672595593	16968.9	65204.6
47	Spectrogram 1	1	1605.489828854	1605.672595593	16968.9	65204.6
48	Waveform 1	1	1702.920038663	1703.124192999	22782.3	62690.7
48	Spectrogram 1	1	1702.920038663	1703.124192999	22782.3	62690.7
49	Waveform 1	1	1757.332019803	1757.477844328	25610.5	57348.6
49	Spectrogram 1	1	1757.332019803	1757.477844328	25610.5	57348.6
50	Waveform 1	1	1785.388652600	1785.491701931	20896.9	67875.6
50	Spectrogram 1	1	1785.388652600	1785.491701931	20896.9	67875.6
